

ROUTING COST: 1208.786903
ROUTE DURATION: 6881.721288
CAPACITY PENALTY: 0
ROUTE LENGTH PENALTY: 0
TIME WINDOW PENALTY: 0
DEPOT HOLDING: 2789.1
RETAILER HOLDING: 6431.1
CLIENT STOCKOUT: 0
CLIENT STOCKOUT Amount: 0
COST SUMMARY : OVERALL 10428.9869
REFORMULATED COST : 10428.9869
10428.9869
24
Total Time: 27.761
PITime: 0.000
Best Solution Time: 14.417
 0 1 1 164.799 4.000  4 0 38 74 0
 1 1 1 71.618 1.000  3 1 34 1
 2 1 1 97.830 3.000  4 2 68 45 2
 0 2 1 176.885 70.000  7 0 37 42 4 28 97 0
 0 2 1 455.057 119.000  17 0 32 56 91 70 65 26 80 25 9 16 47 87 82 24 77 0
 0 2 1 174.048 5.000  4 0 92 20 0
 0 2 1 491.236 85.000  19 0 81 61 86 31 74 84 98 29 38 66 71 53 83 48 11 8 96 0
 1 2 1 463.453 112.000  17 1 35 101 102 52 60 69 44 19 57 99 89 76 34 73 10 1
 1 2 1 510.832 119.000  20 1 27 49 58 15 41 46 51 78 33 88 22 17 13 18 5 93 30 54 1
 1 2 1 164.556 16.000  4 1 64 63 1
 2 2 1 450.201 112.000  15 2 36 14 75 59 43 62 72 90 94 6 85 12 23 2
 0 3 1 296.435 118.000  10 0 24 77 32 11 55 86 74 61 0
 0 3 1 286.268 119.000  10 0 8 71 66 53 56 91 50 65 0
 0 3 1 253.400 115.000  10 0 37 42 4 82 16 9 25 80 0
 0 3 1 242.632 120.000  10 0 96 70 81 20 79 92 95 97 0
 0 3 1 329.871 117.000  10 0 98 29 38 84 31 48 83 26 0
 1 3 1 291.135 120.000  10 1 73 89 99 57 19 44 76 34 1
 1 3 1 211.968 98.000  8 1 13 5 93 30 10 54 1
 1 3 1 313.135 118.000  10 1 101 102 52 60 69 67 35 18 1
 1 3 1 291.432 119.000  11 1 21 17 22 88 33 78 51 46 41 1
 1 3 1 318.082 114.000  10 1 40 27 58 39 15 49 64 63 1
 2 3 1 291.930 103.000  9 2 100 62 43 59 75 45 28 2
 2 3 1 299.198 116.000  10 2 3 23 12 85 6 94 90 72 2
 2 3 1 235.723 104.000  8 2 7 68 36 47 87 14 2


ROUTING COST: 1154.281799
ROUTE DURATION: 6814.135291
CAPACITY PENALTY: 0
ROUTE LENGTH PENALTY: 0
TIME WINDOW PENALTY: 0
DEPOT HOLDING: 2768.1
RETAILER HOLDING: 6669.5
CLIENT STOCKOUT: 0
CLIENT STOCKOUT Amount: 0
COST SUMMARY : OVERALL 10591.8818
REFORMULATED COST : 10591.8818
10591.8818
22
Total Time: 27.737
PITime: 0.000
Best Solution Time: 26.312
 0 1 1 145.672 9.000  4 0 45 38 0
 0 2 1 219.248 63.000  8 0 97 37 42 4 82 24 0
 0 2 1 407.574 94.000  15 0 77 26 25 80 16 47 9 65 70 91 56 32 92 0
 0 2 1 533.078 105.000  19 0 20 81 61 86 31 74 29 98 84 66 71 53 83 48 11 8 96 0
 1 2 1 191.969 38.000  6 1 49 15 58 27 1
 1 2 1 534.547 116.000  20 1 73 76 89 99 57 19 44 69 60 52 102 101 78 33 88 51 46 41 1
 1 2 1 403.074 102.000  15 1 54 10 30 34 93 5 18 35 13 17 22 64 63 1
 2 2 1 293.128 86.000  10 2 68 36 87 14 28 75 43 59 2
 2 2 1 320.565 67.000  10 2 23 12 85 6 94 90 72 62 2
 0 3 1 294.642 120.000  10 0 91 70 83 48 31 84 86 61 0
 0 3 1 292.680 119.000  10 0 24 80 16 82 4 37 97 95 0
 0 3 1 274.988 119.000  10 0 42 77 26 25 9 65 50 32 0
 0 3 1 359.374 120.000  11 0 55 74 98 29 38 66 71 53 8 0
 0 3 1 269.478 111.000  9 0 96 56 11 81 20 79 92 0
 1 3 1 265.658 109.000  10 1 17 22 88 33 78 51 46 41 1
 1 3 1 293.068 119.000  10 1 21 101 102 52 60 69 67 13 1
 1 3 1 318.877 119.000  10 1 10 30 34 35 18 5 93 54 1
 1 3 1 298.585 114.000  10 1 63 64 49 15 39 58 27 40 1
 1 3 1 271.078 109.000  9 1 73 89 99 57 19 44 76 1
 2 3 1 235.723 104.000  8 2 7 68 36 47 87 14 2
 2 3 1 291.930 103.000  9 2 100 62 43 59 75 45 28 2
 2 3 1 299.198 116.000  10 2 3 23 12 85 6 94 90 72 2


ROUTING COST: 1205.882759
ROUTE DURATION: 6817.258287
CAPACITY PENALTY: 0
ROUTE LENGTH PENALTY: 0
TIME WINDOW PENALTY: 0
DEPOT HOLDING: 2792.7
RETAILER HOLDING: 6348.7
CLIENT STOCKOUT: 0
CLIENT STOCKOUT Amount: 0
COST SUMMARY : OVERALL 10347.28276
REFORMULATED COST : 10347.28276
10347.28276
23
Total Time: 28.756
PITime: 0.000
Best Solution Time: 25.379
 0 1 1 164.799 8.000  4 0 38 74 0
 1 1 1 71.618 1.000  3 1 34 1
 2 1 1 97.830 3.000  4 2 68 45 2
 0 2 1 258.334 80.000  9 0 97 28 37 42 4 82 24 0
 0 2 1 494.302 72.000  17 0 92 20 81 61 86 31 74 29 98 84 66 71 53 83 48 0
 0 2 1 489.985 105.000  17 0 11 8 70 91 56 96 77 26 25 80 16 47 9 65 32 0
 1 2 1 238.610 45.000  8 1 27 90 58 15 41 49 1
 1 2 1 446.932 101.000  17 1 54 10 30 93 5 13 18 78 33 51 46 88 22 17 64 1
 1 2 1 430.005 107.000  17 1 63 35 102 101 52 60 69 44 19 57 99 89 76 34 73 1
 2 2 1 450.096 116.000  15 2 36 87 14 75 59 43 62 72 94 6 85 12 23 2
 0 3 1 275.929 115.000  9 0 24 80 25 16 9 65 26 0
 0 3 1 265.955 117.000  10 0 37 95 92 79 20 81 61 55 0
 0 3 1 336.358 119.000  10 0 56 70 83 53 66 71 48 8 0
 0 3 1 296.172 120.000  11 0 97 42 4 82 77 32 50 91 96 0
 0 3 1 329.697 118.000  10 0 11 31 84 38 29 98 74 86 0
 1 3 1 242.385 116.000  10 1 63 13 35 18 5 93 76 34 1
 1 3 1 291.432 119.000  11 1 21 17 22 88 33 78 51 46 41 1
 1 3 1 298.585 96.000  9 1 64 49 15 39 58 27 40 1
 1 3 1 264.127 119.000  9 1 73 89 99 44 30 10 54 1
 1 3 1 312.785 119.000  10 1 67 101 102 52 60 69 19 57 1
 2 3 1 291.930 103.000  9 2 100 62 43 59 75 45 28 2
 2 3 1 192.747 104.000  8 2 14 87 47 36 68 7 2
 2 3 1 276.645 116.000  10 2 72 90 94 6 85 12 23 3 2


ROUTING COST: 1002.207793
ROUTE DURATION: 6016.416484
CAPACITY PENALTY: 0
ROUTE LENGTH PENALTY: 0
TIME WINDOW PENALTY: 0
DEPOT HOLDING: 2917.5
RETAILER HOLDING: 5961.3
CLIENT STOCKOUT: 0
CLIENT STOCKOUT Amount: 0
COST SUMMARY : OVERALL 9881.007793
REFORMULATED COST : 9765.807793
9765.807793
20
Total Time: 267.558
PITime: 0.000
Best Solution Time: 197.817
 1 1 1 71.618 1.000  3 1 34 1
 2 1 1 68.425 1.000  3 2 68 2
 0 2 1 214.344 37.000  7 0 32 56 91 70 96 0
 0 2 1 509.872 110.000  19 0 8 11 48 83 53 71 66 38 29 98 84 74 31 86 61 81 20 0
 0 2 1 507.753 105.000  18 0 92 97 37 42 4 82 87 47 16 9 65 26 25 80 77 24 0
 1 2 1 498.261 118.000  19 1 73 34 76 89 99 57 19 44 69 60 52 101 102 35 17 22 63 1
 1 2 1 513.168 119.000  20 1 27 49 58 15 41 46 51 88 33 78 18 13 5 93 30 10 54 64 1
 2 2 1 320.565 67.000  10 2 23 12 85 6 94 90 72 62 2
 2 2 1 316.953 66.000  10 2 59 43 75 45 28 14 36 68 2
 0 3 1 169.537 57.000  6 0 50 91 56 32 0
 0 3 1 289.407 110.000  9 0 92 79 20 81 61 55 86 0
 0 3 1 242.240 99.000  9 0 8 48 71 70 53 83 96 0
 0 3 1 300.850 116.000  10 0 31 66 38 29 98 84 74 11 0
 0 3 1 107.816 33.000  4 0 45 4 0
 1 3 1 320.801 116.000  10 1 93 5 69 60 67 35 18 13 1
 1 3 1 314.600 113.000  10 1 88 51 46 41 15 58 39 49 1
 1 3 1 294.746 104.000  9 1 44 19 57 99 89 76 34 1
 1 3 1 345.664 120.000  11 1 64 22 33 78 101 102 52 21 17 1
 1 3 1 293.381 117.000  9 1 40 27 73 30 10 54 63 1
 2 3 1 316.415 118.000  9 2 100 36 47 14 68 7 59 2


ROUTING COST: 1205.882759
ROUTE DURATION: 6817.258287
CAPACITY PENALTY: 0
ROUTE LENGTH PENALTY: 0
TIME WINDOW PENALTY: 0
DEPOT HOLDING: 2792.7
RETAILER HOLDING: 6348.7
CLIENT STOCKOUT: 0
CLIENT STOCKOUT Amount: 0
COST SUMMARY : OVERALL 10347.28276
REFORMULATED COST : 10347.28276
10347.28276
23
Total Time: 28.905
PITime: 0.000
Best Solution Time: 24.971
 0 1 1 164.799 8.000  4 0 38 74 0
 1 1 1 71.618 1.000  3 1 34 1
 2 1 1 97.830 3.000  4 2 68 45 2
 0 2 1 258.334 80.000  9 0 97 28 37 42 4 82 24 0
 0 2 1 494.302 72.000  17 0 92 20 81 61 86 31 74 29 98 84 66 71 53 83 48 0
 0 2 1 489.985 105.000  17 0 11 8 70 91 56 96 77 26 25 80 16 47 9 65 32 0
 1 2 1 238.610 45.000  8 1 27 90 58 15 41 49 1
 1 2 1 446.932 101.000  17 1 54 10 30 93 5 13 18 78 33 51 46 88 22 17 64 1
 1 2 1 430.005 107.000  17 1 63 35 102 101 52 60 69 44 19 57 99 89 76 34 73 1
 2 2 1 450.096 116.000  15 2 36 87 14 75 59 43 62 72 94 6 85 12 23 2
 0 3 1 275.929 115.000  9 0 24 80 25 16 9 65 26 0
 0 3 1 265.955 117.000  10 0 37 95 92 79 20 81 61 55 0
 0 3 1 336.358 119.000  10 0 56 70 83 53 66 71 48 8 0
 0 3 1 296.172 120.000  11 0 97 42 4 82 77 32 50 91 96 0
 0 3 1 329.697 118.000  10 0 11 31 84 38 29 98 74 86 0
 1 3 1 242.385 116.000  10 1 63 13 35 18 5 93 76 34 1
 1 3 1 291.432 119.000  11 1 21 17 22 88 33 78 51 46 41 1
 1 3 1 298.585 96.000  9 1 64 49 15 39 58 27 40 1
 1 3 1 264.127 119.000  9 1 73 89 99 44 30 10 54 1
 1 3 1 312.785 119.000  10 1 67 101 102 52 60 69 19 57 1
 2 3 1 291.930 103.000  9 2 100 62 43 59 75 45 28 2
 2 3 1 192.747 104.000  8 2 14 87 47 36 68 7 2
 2 3 1 276.645 116.000  10 2 72 90 94 6 85 12 23 3 2


ROUTING COST: 1205.882759
ROUTE DURATION: 6817.258287
CAPACITY PENALTY: 0
ROUTE LENGTH PENALTY: 0
TIME WINDOW PENALTY: 0
DEPOT HOLDING: 2792.7
RETAILER HOLDING: 6348.7
CLIENT STOCKOUT: 0
CLIENT STOCKOUT Amount: 0
COST SUMMARY : OVERALL 10347.28276
REFORMULATED COST : 10347.28276
10347.28276
23
Total Time: 28.928
PITime: 0.000
Best Solution Time: 24.994
 0 1 1 164.799 8.000  4 0 38 74 0
 1 1 1 71.618 1.000  3 1 34 1
 2 1 1 97.830 3.000  4 2 68 45 2
 0 2 1 258.334 80.000  9 0 97 28 37 42 4 82 24 0
 0 2 1 494.302 72.000  17 0 92 20 81 61 86 31 74 29 98 84 66 71 53 83 48 0
 0 2 1 489.985 105.000  17 0 11 8 70 91 56 96 77 26 25 80 16 47 9 65 32 0
 1 2 1 238.610 45.000  8 1 27 90 58 15 41 49 1
 1 2 1 446.932 101.000  17 1 54 10 30 93 5 13 18 78 33 51 46 88 22 17 64 1
 1 2 1 430.005 107.000  17 1 63 35 102 101 52 60 69 44 19 57 99 89 76 34 73 1
 2 2 1 450.096 116.000  15 2 36 87 14 75 59 43 62 72 94 6 85 12 23 2
 0 3 1 275.929 115.000  9 0 24 80 25 16 9 65 26 0
 0 3 1 265.955 117.000  10 0 37 95 92 79 20 81 61 55 0
 0 3 1 336.358 119.000  10 0 56 70 83 53 66 71 48 8 0
 0 3 1 296.172 120.000  11 0 97 42 4 82 77 32 50 91 96 0
 0 3 1 329.697 118.000  10 0 11 31 84 38 29 98 74 86 0
 1 3 1 242.385 116.000  10 1 63 13 35 18 5 93 76 34 1
 1 3 1 291.432 119.000  11 1 21 17 22 88 33 78 51 46 41 1
 1 3 1 298.585 96.000  9 1 64 49 15 39 58 27 40 1
 1 3 1 264.127 119.000  9 1 73 89 99 44 30 10 54 1
 1 3 1 312.785 119.000  10 1 67 101 102 52 60 69 19 57 1
 2 3 1 291.930 103.000  9 2 100 62 43 59 75 45 28 2
 2 3 1 192.747 104.000  8 2 14 87 47 36 68 7 2
 2 3 1 276.645 116.000  10 2 72 90 94 6 85 12 23 3 2


ROUTING COST: 1168.114145
ROUTE DURATION: 6991.044864
CAPACITY PENALTY: 0
ROUTE LENGTH PENALTY: 0
TIME WINDOW PENALTY: 0
DEPOT HOLDING: 2771.1
RETAILER HOLDING: 6658.5
CLIENT STOCKOUT: 0
CLIENT STOCKOUT Amount: 0
COST SUMMARY : OVERALL 10597.71415
REFORMULATED COST : 10597.71415
10597.71415
25
Total Time: 29.511
PITime: 0.000
Best Solution Time: 26.329
 0 1 1 164.799 3.000  4 0 45 74 0
 1 1 1 71.618 1.000  3 1 34 1
 0 2 1 176.080 53.000  6 0 42 4 37 97 0
 0 2 1 437.135 118.000  18 0 96 70 91 56 32 77 80 25 26 65 9 16 47 87 82 24 0
 0 2 1 174.048 5.000  4 0 92 20 0
 0 2 1 469.479 107.000  18 0 81 61 86 31 74 84 98 29 38 66 71 53 83 48 11 8 0
 1 2 1 143.553 11.000  3 1 10 1
 1 2 1 468.340 118.000  18 1 27 49 58 15 41 46 51 88 17 13 35 18 5 93 30 54 1
 1 2 1 496.871 112.000  19 1 73 34 76 89 99 57 19 44 69 60 52 102 101 78 33 22 64 1
 1 2 1 63.718 6.000  3 1 63 1
 2 2 1 296.799 76.000  9 2 59 43 75 28 14 36 68 2
 2 2 1 320.565 67.000  10 2 23 12 85 6 94 90 72 62 2
 0 3 1 312.732 120.000  11 0 8 11 31 86 55 61 81 20 79 0
 0 3 1 231.967 113.000  9 0 26 65 9 16 25 80 77 0
 0 3 1 247.376 120.000  10 0 32 50 91 56 70 83 48 96 0
 0 3 1 308.871 119.000  10 0 92 95 97 37 42 4 82 24 0
 0 3 1 332.133 118.000  10 0 53 71 66 38 29 98 84 74 0
 1 3 1 283.618 116.000  10 1 27 58 39 15 46 51 41 49 1
 1 3 1 311.142 115.000  10 1 34 99 57 19 44 69 60 67 1
 1 3 1 279.858 105.000  9 1 93 5 18 13 21 17 63 1
 1 3 1 301.647 119.000  9 1 40 73 89 76 30 10 54 1
 1 3 1 294.400 115.000  11 1 35 52 102 101 78 33 88 22 64 1
 2 3 1 235.723 104.000  8 2 7 68 36 47 87 14 2
 2 3 1 276.645 116.000  10 2 72 90 94 6 85 12 23 3 2
 2 3 1 291.930 103.000  9 2 100 62 43 59 75 45 28 2


ROUTING COST: 1188.619324
ROUTE DURATION: 7007.720039
CAPACITY PENALTY: 0
ROUTE LENGTH PENALTY: 0
TIME WINDOW PENALTY: 0
DEPOT HOLDING: 2765.7
RETAILER HOLDING: 6893.3
CLIENT STOCKOUT: 0
CLIENT STOCKOUT Amount: 0
COST SUMMARY : OVERALL 10847.61932
REFORMULATED COST : 10847.61932
10847.61932
23
Total Time: 5.003
PITime: 0.000
Best Solution Time: 1.786
 0 1 1 171.675 5.000  5 0 84 83 8 0
 1 1 1 153.959 6.000  4 1 13 76 1
 0 2 1 509.872 115.000  18 0 11 48 83 53 71 66 38 29 98 84 74 31 86 61 81 20 0
 0 2 1 294.125 57.000  9 0 92 77 32 56 91 70 96 0
 0 2 1 416.783 120.000  16 0 97 37 42 4 82 87 47 16 9 65 26 25 80 24 0
 1 2 1 189.778 27.000  5 1 10 63 64 1
 1 2 1 420.734 113.000  15 1 27 73 89 93 5 17 88 51 46 41 15 58 49 1
 1 2 1 515.686 115.000  20 1 22 33 78 18 35 102 101 52 60 69 44 19 57 99 76 34 30 54 1
 2 2 1 320.565 72.000  10 2 23 12 85 6 94 90 72 62 2
 2 2 1 316.953 55.000  10 2 59 43 75 45 28 14 36 68 2
 0 3 1 328.478 120.000  10 0 92 79 20 81 61 74 86 55 0
 0 3 1 244.630 108.000  9 0 96 48 53 83 70 91 56 0
 0 3 1 272.917 119.000  10 0 77 26 80 25 9 65 50 32 0
 0 3 1 300.764 119.000  11 0 8 71 66 38 29 98 84 31 11 0
 0 3 1 255.711 119.000  10 0 95 97 37 42 4 82 16 24 0
 1 3 1 313.135 118.000  10 1 101 102 52 60 69 67 35 18 1
 1 3 1 307.399 109.000  9 1 76 44 19 57 99 89 73 1
 1 3 1 313.212 109.000  10 1 64 22 88 33 78 51 46 41 1
 1 3 1 300.780 117.000  10 1 54 10 40 27 58 39 15 49 1
 1 3 1 310.430 117.000  10 1 30 34 93 5 13 21 17 63 1
 2 3 1 192.747 104.000  8 2 14 87 47 36 68 7 2
 2 3 1 255.280 114.000  10 2 62 72 90 43 59 75 45 28 2
 2 3 1 302.106 105.000  9 2 100 3 12 94 6 85 23 2


ROUTING COST: 1168.936311
ROUTE DURATION: 7043.452579
CAPACITY PENALTY: 0
ROUTE LENGTH PENALTY: 0
TIME WINDOW PENALTY: 0
DEPOT HOLDING: 2774.1
RETAILER HOLDING: 6827.5
CLIENT STOCKOUT: 0
CLIENT STOCKOUT Amount: 0
COST SUMMARY : OVERALL 10770.53631
REFORMULATED COST : 10770.53631
10770.53631
24
Total Time: 29.787
PITime: 0.000
Best Solution Time: 5.847
 0 1 1 215.635 12.000  5 0 74 38 48 0
 1 1 1 206.241 5.000  6 1 49 101 13 5 1
 0 2 1 491.453 116.000  19 0 96 8 11 83 53 71 66 84 98 29 74 31 86 61 81 20 92 0
 0 2 1 365.888 119.000  14 0 97 37 42 4 82 87 47 16 9 25 80 24 0
 0 2 1 267.450 47.000  9 0 32 56 91 70 65 26 77 0
 1 2 1 144.019 16.000  4 1 63 64 1
 1 2 1 455.920 104.000  19 1 22 17 18 35 69 60 52 101 102 78 33 88 51 46 41 15 58 1
 1 2 1 454.643 120.000  16 1 54 10 30 93 13 44 19 57 99 89 76 34 73 27 1
 2 2 1 320.565 72.000  10 2 23 12 85 6 94 90 72 62 2
 2 2 1 290.463 61.000  10 2 68 36 14 28 45 75 43 59 2
 0 3 1 242.632 108.000  9 0 61 81 20 79 92 95 97 0
 0 3 1 289.188 118.000  10 0 26 80 25 9 16 82 4 42 0
 0 3 1 291.015 117.000  10 0 8 11 55 86 48 83 70 96 0
 0 3 1 328.621 117.000  11 0 31 74 84 98 29 38 66 71 53 0
 0 3 1 265.996 119.000  10 0 65 50 91 56 32 77 24 37 0
 1 3 1 270.074 115.000  10 1 57 19 44 35 18 13 5 93 1
 1 3 1 268.942 111.000  10 1 67 69 60 52 102 101 78 33 1
 1 3 1 304.720 118.000  10 1 41 46 51 88 22 17 21 54 1
 1 3 1 304.970 112.000  9 1 10 30 34 76 99 89 73 1
 1 3 1 298.585 114.000  10 1 63 64 49 15 39 58 27 40 1
 2 3 1 170.547 25.000  4 2 100 3 2
 2 3 1 235.723 102.000  8 2 7 68 36 47 87 14 2
 2 3 1 239.594 79.000  7 2 28 45 75 43 59 2
 2 3 1 320.565 115.000  10 2 23 12 85 6 94 90 72 62 2
