

ROUTE: 15747.9
LOAD: 0 SUPPLY: 3789.5
CLIENT INVENTORY: 508
CLIENT STOCKOUT: 0
CLIENT STOCKOUT Amount: 0
COST SUMMARY : OVERALL 20045.4
8064.67
35
Total Time: 0
PITime: 0
Best Solution Time: 0
 0 1 1 466.177 7  3 0 17 0
 0 1 1 487.447 34  7 0 2 14 20 12 25 0
 0 1 1 583.079 42  8 0 3 11 18 26 9 5 0
 0 1 1 385.526 5  4 0 22 19 0
 1 1 1 356.009 11  4 1 24 15 1
 0 2 1 466.177 22  3 0 17 0
 0 2 1 537.5 56  5 0 11 9 5 0
 0 2 1 363.529 78  7 0 16 26 18 8 23 0
 0 2 1 317.512 97  7 0 2 14 20 12 10 0
 1 2 1 474.183 41  5 1 3 15 21 1
 1 2 1 532.084 36  5 1 4 6 13 1
 1 2 1 409.447 53  5 1 22 7 19 1
 1 2 1 173.08 23  3 1 24 1
 0 3 1 466.177 22  3 0 17 0
 0 3 1 421.408 107  8 0 10 8 18 26 11 23 0
 0 3 1 487.447 100  7 0 2 14 20 12 25 0
 1 3 1 532.084 50  5 1 4 6 13 1
 1 3 1 409.447 29  4 1 7 19 1
 1 3 1 501.735 81  6 1 24 15 3 9 1
 1 3 1 545.988 77  6 1 16 22 5 21 1
 0 4 1 520.079 40  4 0 17 2 0
 0 4 1 537.5 114  7 0 14 20 23 9 5 0
 0 4 1 355.562 59  5 0 16 26 11 0
 0 4 1 487.447 82  7 0 10 8 18 12 25 0
 1 4 1 356.009 13  3 1 15 1
 1 4 1 355.605 45  4 1 24 3 1
 1 4 1 536.892 67  6 1 19 7 22 13 1
 1 4 1 474.183 48  5 1 6 4 21 1
 0 5 1 487.447 120  9 0 10 8 18 26 16 11 25 0
 0 5 1 363.529 105  7 0 12 20 14 2 23 0
 0 5 1 466.177 22  3 0 17 0
 0 5 1 523.865 91  6 0 24 22 5 9 0
 1 5 1 355.605 22  3 1 3 1
 1 5 1 537.783 60  6 1 15 19 7 13 1
 1 5 1 474.183 48  5 1 6 4 21 1


ROUTE: 15747.9
LOAD: 0 SUPPLY: 3789.5
CLIENT INVENTORY: 508
CLIENT STOCKOUT: 0
CLIENT STOCKOUT Amount: 0
COST SUMMARY : OVERALL 20045.4
8064.67
35
Total Time: 0
PITime: 0
Best Solution Time: 0
 0 1 1 466.177 7  3 0 17 0
 0 1 1 487.447 34  7 0 2 14 20 12 25 0
 0 1 1 583.079 42  8 0 3 11 18 26 9 5 0
 0 1 1 385.526 5  4 0 22 19 0
 1 1 1 356.009 11  4 1 24 15 1
 0 2 1 466.177 22  3 0 17 0
 0 2 1 537.5 56  5 0 11 9 5 0
 0 2 1 363.529 78  7 0 16 26 18 8 23 0
 0 2 1 317.512 97  7 0 2 14 20 12 10 0
 1 2 1 474.183 41  5 1 3 15 21 1
 1 2 1 532.084 36  5 1 4 6 13 1
 1 2 1 409.447 53  5 1 22 7 19 1
 1 2 1 173.08 23  3 1 24 1
 0 3 1 466.177 22  3 0 17 0
 0 3 1 421.408 107  8 0 10 8 18 26 11 23 0
 0 3 1 487.447 100  7 0 2 14 20 12 25 0
 1 3 1 532.084 50  5 1 4 6 13 1
 1 3 1 409.447 29  4 1 7 19 1
 1 3 1 501.735 81  6 1 24 15 3 9 1
 1 3 1 545.988 77  6 1 16 22 5 21 1
 0 4 1 520.079 40  4 0 17 2 0
 0 4 1 537.5 114  7 0 14 20 23 9 5 0
 0 4 1 355.562 59  5 0 16 26 11 0
 0 4 1 487.447 82  7 0 10 8 18 12 25 0
 1 4 1 356.009 13  3 1 15 1
 1 4 1 355.605 45  4 1 24 3 1
 1 4 1 536.892 67  6 1 19 7 22 13 1
 1 4 1 474.183 48  5 1 6 4 21 1
 0 5 1 487.447 120  9 0 10 8 18 26 16 11 25 0
 0 5 1 363.529 105  7 0 12 20 14 2 23 0
 0 5 1 466.177 22  3 0 17 0
 0 5 1 523.865 91  6 0 24 22 5 9 0
 1 5 1 355.605 22  3 1 3 1
 1 5 1 537.783 60  6 1 15 19 7 13 1
 1 5 1 474.183 48  5 1 6 4 21 1


ROUTING COST: 3537.49029
ROUTE DURATION: 16332.9923
CAPACITY PENALTY: 0
ROUTE LENGTH PENALTY: 0
TIME WINDOW PENALTY: 0
DEPOT HOLDING: 3756.5
RETAILER HOLDING: 850
CLIENT STOCKOUT: 0
CLIENT STOCKOUT Amount: 0
COST SUMMARY : OVERALL 8143.99029
REFORMULATED COST : 8143.99029
8143.99029
36
Total Time: 15.005
PITime: 0.000
Best Solution Time: 3.258
 0 1 1 466.177 7.000  3 0 17 0
 0 1 1 223.818 24.000  5 0 2 20 12 0
 0 1 1 523.865 58.000  7 0 26 16 22 5 9 0
 1 1 1 355.605 9.000  4 1 14 3 1
 1 1 1 423.299 23.000  5 1 24 19 6 1
 1 1 1 356.009 2.000  3 1 15 1
 0 2 1 355.562 13.000  3 0 11 0
 0 2 1 523.865 120.000  8 0 8 18 26 22 5 9 0
 0 2 1 487.447 17.000  4 0 10 25 0
 0 2 1 466.177 101.000  7 0 12 20 23 2 17 0
 1 2 1 474.183 14.000  3 1 21 1
 1 2 1 532.084 20.000  4 1 4 13 1
 1 2 1 409.447 31.000  4 1 7 19 1
 1 2 1 483.864 82.000  6 1 24 15 3 14 1
 0 3 1 487.447 61.000  6 0 10 18 8 25 0
 0 3 1 466.177 103.000  7 0 12 20 23 2 17 0
 0 3 1 355.562 17.000  3 0 11 0
 0 3 1 523.865 100.000  7 0 26 16 22 5 9 0
 1 3 1 474.183 14.000  3 1 21 1
 1 3 1 532.084 50.000  5 1 4 6 13 1
 1 3 1 409.447 31.000  4 1 7 19 1
 1 3 1 483.864 82.000  6 1 24 15 3 14 1
 0 4 1 355.562 17.000  3 0 11 0
 0 4 1 487.447 61.000  6 0 8 18 10 25 0
 0 4 1 466.177 103.000  7 0 12 20 23 2 17 0
 0 4 1 523.865 110.000  7 0 26 16 22 5 9 0
 1 4 1 391.192 59.000  5 1 14 3 15 1
 1 4 1 532.084 72.000  6 1 24 19 7 13 1
 1 4 1 474.183 48.000  5 1 6 4 21 1
 0 5 1 523.865 110.000  7 0 26 16 22 5 9 0
 0 5 1 487.447 78.000  7 0 10 18 8 11 25 0
 0 5 1 466.177 103.000  7 0 12 20 23 2 17 0
 1 5 1 356.009 13.000  3 1 15 1
 1 5 1 532.084 68.000  6 1 24 19 7 13 1
 1 5 1 474.183 48.000  5 1 6 4 21 1
 1 5 1 448.681 46.000  4 1 3 14 1


ROUTING COST: 3537.49029
ROUTE DURATION: 16332.9923
CAPACITY PENALTY: 0
ROUTE LENGTH PENALTY: 0
TIME WINDOW PENALTY: 0
DEPOT HOLDING: 3756.5
RETAILER HOLDING: 850
CLIENT STOCKOUT: 0
CLIENT STOCKOUT Amount: 0
COST SUMMARY : OVERALL 8143.99029
REFORMULATED COST : 8143.99029
8143.99029
36
Total Time: 15.001
PITime: 0.000
Best Solution Time: 2.852
 0 1 1 466.177 7.000  3 0 17 0
 0 1 1 223.818 24.000  5 0 2 20 12 0
 0 1 1 523.865 58.000  7 0 26 16 22 5 9 0
 1 1 1 355.605 9.000  4 1 14 3 1
 1 1 1 423.299 23.000  5 1 24 19 6 1
 1 1 1 356.009 2.000  3 1 15 1
 0 2 1 355.562 13.000  3 0 11 0
 0 2 1 523.865 120.000  8 0 8 18 26 22 5 9 0
 0 2 1 487.447 17.000  4 0 10 25 0
 0 2 1 466.177 101.000  7 0 12 20 23 2 17 0
 1 2 1 474.183 14.000  3 1 21 1
 1 2 1 532.084 20.000  4 1 4 13 1
 1 2 1 409.447 31.000  4 1 7 19 1
 1 2 1 483.864 82.000  6 1 24 15 3 14 1
 0 3 1 487.447 61.000  6 0 10 18 8 25 0
 0 3 1 466.177 103.000  7 0 12 20 23 2 17 0
 0 3 1 355.562 17.000  3 0 11 0
 0 3 1 523.865 100.000  7 0 26 16 22 5 9 0
 1 3 1 474.183 14.000  3 1 21 1
 1 3 1 532.084 50.000  5 1 4 6 13 1
 1 3 1 409.447 31.000  4 1 7 19 1
 1 3 1 483.864 82.000  6 1 24 15 3 14 1
 0 4 1 355.562 17.000  3 0 11 0
 0 4 1 487.447 61.000  6 0 8 18 10 25 0
 0 4 1 466.177 103.000  7 0 12 20 23 2 17 0
 0 4 1 523.865 110.000  7 0 26 16 22 5 9 0
 1 4 1 391.192 59.000  5 1 14 3 15 1
 1 4 1 532.084 72.000  6 1 24 19 7 13 1
 1 4 1 474.183 48.000  5 1 6 4 21 1
 0 5 1 523.865 110.000  7 0 26 16 22 5 9 0
 0 5 1 487.447 78.000  7 0 10 18 8 11 25 0
 0 5 1 466.177 103.000  7 0 12 20 23 2 17 0
 1 5 1 356.009 13.000  3 1 15 1
 1 5 1 532.084 68.000  6 1 24 19 7 13 1
 1 5 1 474.183 48.000  5 1 6 4 21 1
 1 5 1 448.681 46.000  4 1 3 14 1


ROUTING COST: 3672.725963
ROUTE DURATION: 15031.20712
CAPACITY PENALTY: 0
ROUTE LENGTH PENALTY: 0
TIME WINDOW PENALTY: 0
DEPOT HOLDING: 3753
RETAILER HOLDING: 949
CLIENT STOCKOUT: 0
CLIENT STOCKOUT Amount: 0
COST SUMMARY : OVERALL 8374.725963
REFORMULATED COST : 8374.725963
8374.725963
33
Total Time: 30.008
PITime: 0.000
Best Solution Time: 3.525
 0 1 1 466.177 7.000  3 0 17 0
 0 1 1 523.865 59.000  9 0 2 20 12 26 22 5 9 0
 1 1 1 391.192 11.000  5 1 14 3 15 1
 1 1 1 449.409 37.000  6 1 24 19 7 6 1
 0 2 1 558.775 52.000  5 0 11 9 25 0
 0 2 1 466.177 101.000  7 0 12 20 23 2 17 0
 0 2 1 503.205 25.000  3 0 5 0
 0 2 1 287.972 94.000  8 0 22 16 26 18 8 10 0
 1 2 1 474.183 38.000  4 1 14 21 1
 1 2 1 532.084 20.000  4 1 4 13 1
 1 2 1 383.801 19.000  3 1 19 1
 1 2 1 390.788 58.000  5 1 24 15 3 1
 0 3 1 523.865 110.000  7 0 26 16 22 5 9 0
 0 3 1 487.447 12.000  3 0 25 0
 0 3 1 466.177 103.000  7 0 12 20 23 2 17 0
 0 3 1 355.562 66.000  6 0 10 18 8 11 0
 1 3 1 532.084 66.000  6 1 24 19 7 13 1
 1 3 1 474.183 48.000  5 1 6 4 21 1
 1 3 1 391.192 59.000  5 1 14 3 15 1
 0 4 1 523.865 110.000  7 0 26 16 22 5 9 0
 0 4 1 487.447 78.000  7 0 10 18 8 11 25 0
 0 4 1 466.177 103.000  7 0 12 20 23 2 17 0
 1 4 1 532.084 50.000  5 1 4 6 13 1
 1 4 1 409.447 31.000  4 1 7 19 1
 1 4 1 356.009 36.000  4 1 24 15 1
 1 4 1 474.183 60.000  5 1 14 3 21 1
 0 5 1 523.865 110.000  7 0 26 16 22 5 9 0
 0 5 1 487.447 78.000  7 0 10 18 8 11 25 0
 0 5 1 466.177 103.000  7 0 12 20 23 2 17 0
 1 5 1 531.754 73.000  6 1 15 3 14 21 1
 1 5 1 532.084 50.000  5 1 4 6 13 1
 1 5 1 409.447 31.000  4 1 7 19 1
 1 5 1 173.080 23.000  3 1 24 1


ROUTING COST: 3672.725963
ROUTE DURATION: 15031.20712
CAPACITY PENALTY: 0
ROUTE LENGTH PENALTY: 0
TIME WINDOW PENALTY: 0
DEPOT HOLDING: 3753
RETAILER HOLDING: 949
CLIENT STOCKOUT: 0
CLIENT STOCKOUT Amount: 0
COST SUMMARY : OVERALL 8374.725963
REFORMULATED COST : 8374.725963
8374.725963
33
Total Time: 5.003
PITime: 0.000
Best Solution Time: 3.150
 0 1 1 466.177 7.000  3 0 17 0
 0 1 1 523.865 59.000  9 0 2 20 12 26 22 5 9 0
 1 1 1 391.192 11.000  5 1 14 3 15 1
 1 1 1 449.409 37.000  6 1 24 19 7 6 1
 0 2 1 558.775 52.000  5 0 11 9 25 0
 0 2 1 466.177 101.000  7 0 12 20 23 2 17 0
 0 2 1 503.205 25.000  3 0 5 0
 0 2 1 287.972 94.000  8 0 22 16 26 18 8 10 0
 1 2 1 474.183 38.000  4 1 14 21 1
 1 2 1 532.084 20.000  4 1 4 13 1
 1 2 1 383.801 19.000  3 1 19 1
 1 2 1 390.788 58.000  5 1 24 15 3 1
 0 3 1 523.865 110.000  7 0 26 16 22 5 9 0
 0 3 1 487.447 12.000  3 0 25 0
 0 3 1 466.177 103.000  7 0 12 20 23 2 17 0
 0 3 1 355.562 66.000  6 0 10 18 8 11 0
 1 3 1 532.084 66.000  6 1 24 19 7 13 1
 1 3 1 474.183 48.000  5 1 6 4 21 1
 1 3 1 391.192 59.000  5 1 14 3 15 1
 0 4 1 523.865 110.000  7 0 26 16 22 5 9 0
 0 4 1 487.447 78.000  7 0 10 18 8 11 25 0
 0 4 1 466.177 103.000  7 0 12 20 23 2 17 0
 1 4 1 532.084 50.000  5 1 4 6 13 1
 1 4 1 409.447 31.000  4 1 7 19 1
 1 4 1 356.009 36.000  4 1 24 15 1
 1 4 1 474.183 60.000  5 1 14 3 21 1
 0 5 1 523.865 110.000  7 0 26 16 22 5 9 0
 0 5 1 487.447 78.000  7 0 10 18 8 11 25 0
 0 5 1 466.177 103.000  7 0 12 20 23 2 17 0
 1 5 1 531.754 73.000  6 1 15 3 14 21 1
 1 5 1 532.084 50.000  5 1 4 6 13 1
 1 5 1 409.447 31.000  4 1 7 19 1
 1 5 1 173.080 23.000  3 1 24 1
